-0.0918
-0.0918
-0.0918
-0.0918
-0.0918
-0.0918
-0.0918
-0.0918
-0.0918
-0.0918
-0.0918
-0.0918
-0.0918
-0.0918
-0.0918
-0.0078
-0.0078
-0.0078
-0.0078
-0.0078
-0.0078
-0.0078
-0.0078
-0.0078
-0.0078
-0.0078
-0.0078
-0.0078
-0.0078
-0.0078
-0.0078
-0.0078
-0.0078
-0.0078
-0.0078
-0.0078
-0.0078
-0.0078
-0.0078
-0.0078
-0.0078
-0.0078
-0.0078
-0.0078
-0.0078
-0.0078
-0.0176
-0.0176
-0.0176
-0.0176
-0.0176
-0.0176
-0.0176
-0.0176
-0.0176
-0.0176
-0.0176
-0.0176
-0.0176
-0.0176
-0.0176
-0.0176
-0.0176
-0.0176
-0.0176
-0.0176
-0.0176
-0.0176
-0.0176
-0.0176
-0.0176
-0.0176
-0.0176
0.0762
0.0762
0.0762
0.0762
0.0762
0.0762
0.0762
0.0762
0.0762
0.0762
0.0762
0.0762
0.0762
0.0762
0.0762
0.0762
0.0762
0.0762
0.0762
0.0762
0.0762
0.0762
0.0762
0.0762
0.0762
0.0762
0.0762
0.0762
0.0762
0.0762
0.0762
0.1895
0.1895
0.1895
0.1895
0.1895
0.1895
0.1895
0.1895
0.1895
0.1895
0.1895
0.1895
0.1895
0.1895
0.1895
0.1895
0.1895
0.1895
0.1895
0.1895
0.1895
0.1895
0.1895
0.1895
0.1895
0.1895
0.1650
0.1650
0.1650
0.1650
0.1650
0.1650
0.1650
0.1650
0.1650
0.1650
0.1650
0.1650
0.1650
0.1650
0.1650
0.1650
0.1650
0.1650
0.1650
0.1650
0.1650
0.1650
0.1650
0.1650
0.1650
0.1650
0.1650
0.0244
0.0244
0.0244
0.0244
0.0244
0.0244
0.0244
0.0244
0.0244
0.0244
0.0244
0.0244
0.0244
0.0244
0.0244
0.0244
0.0244
0.0244
0.0244
0.0244
0.0244
0.0244
0.0244
0.0244
-0.0322
-0.0322
-0.0322
-0.0322
-0.0322
-0.0322
-0.0322
-0.0322
-0.0322
-0.0322
-0.0322
-0.0322
-0.0322
-0.0322
-0.0322
-0.0322
-0.0322
-0.0322
-0.0322
-0.0322
-0.0322
-0.0322
-0.0322
-0.0322
-0.0674
-0.0674
-0.0674
-0.0674
-0.0674
-0.0674
-0.0674
-0.0674
-0.0674
-0.0674
-0.0674
-0.0674
-0.0674
-0.0674
-0.0674
-0.0674
-0.0674
-0.0674
-0.0674
-0.0674
-0.0674
-0.0674
-0.0674
-0.0674
-0.0674
-0.0674
-0.0674
-0.0674
-0.0674
-0.0674
-0.1709
-0.1709
-0.1709
-0.1709
-0.1709
-0.1709
-0.1709
-0.1709
-0.1709
-0.1709
-0.1709
-0.1709
-0.1709
-0.1709
-0.1709
-0.1709
-0.1709
-0.1709
-0.1709
-0.1709
-0.1709
-0.1709
-0.1709
-0.1709
-0.1709
-0.1709
-0.1709
-0.1709
-0.1709
-0.2158
-0.2158
-0.2158
-0.2158
-0.2158
-0.2158
-0.2158
-0.2158
-0.2158
-0.2158
-0.2158
-0.2158
-0.2158
-0.2158
-0.2158
-0.2158
-0.2158
-0.2158
-0.2158
-0.2158
-0.2158
-0.2158
-0.2158
-0.2158
-0.2158
-0.2158
-0.2158
-0.2158
-0.1611
-0.1611
-0.1611
-0.1611
-0.1611
-0.1611
-0.1611
-0.1611
-0.1611
-0.1611
-0.1611
-0.1611
-0.1611
-0.1611
-0.1611
-0.1611
-0.1611
-0.1611
-0.1611
-0.1611
-0.1611
-0.1611
-0.1611
-0.1611
-0.1611
-0.1611
-0.1611
-0.1611
-0.1611
-0.1611
-0.1611
-0.0459
-0.0459
-0.0459
-0.0459
-0.0459
-0.0459
-0.0459
-0.0459
-0.0459
-0.0459
-0.0459
-0.0459
-0.0459
-0.0459
-0.0459
-0.0195
-0.0195
-0.0195
-0.0195
-0.0195
-0.0195
-0.0195
-0.0195
-0.0195
-0.0195
-0.0195
-0.0195
-0.0195
0.1338
0.1338
0.1338
0.1338
0.1338
0.1338
0.1338
0.1338
0.1338
0.1338
0.1338
0.1338
0.1338
0.1338
0.1338
0.1338
0.1338
0.1338
0.1338
0.1338
0.1338
0.1338
0.1338
0.1338
0.1338
0.1338
0.1338
0.1338
0.1338
0.1729
0.1729
0.1729
0.1729
0.1729
0.1729
0.1729
0.1729
0.1729
0.1729
0.1729
0.1729
0.1729
0.1729
0.1729
0.1729
0.1729
0.1729
0.1729
0.1729
0.1729
0.1729
0.1729
0.1729
0.1729
0.1729
0.1729
0.1729
0.1729
0.1729
0.0820
0.0820
0.0820
0.0820
0.0820
0.0820
0.0820
0.0820
0.0820
0.0820
0.0820
0.0820
0.0820
0.0820
0.0820
0.0820
0.0820
0.0820
0.0820
0.0820
0.0820
0.0820
-0.0195
-0.0195
-0.0195
-0.0195
-0.0195
-0.0195
-0.0195
-0.0195
-0.0195
-0.0195
-0.0195
-0.0195
-0.0195
-0.0195
-0.0195
-0.0195
-0.0195
-0.0195
-0.0195
-0.0195
-0.0195
-0.0195
-0.0195
-0.0420
-0.0420
-0.0420
-0.0420
-0.0420
-0.0420
-0.0420
-0.0420
-0.0420
-0.0420
-0.0420
-0.0420
-0.0420
-0.0420
-0.0420
-0.0420
-0.0420
-0.0420
-0.0420
-0.0420
-0.0420
-0.0420
-0.0420
-0.0420
-0.0420
-0.0420
-0.0420
-0.0420
-0.0420
-0.0420
-0.1172
-0.1172
-0.1172
-0.1172
-0.1172
-0.1172
-0.1172
-0.1172
-0.1172
-0.1172
-0.1172
-0.1172
-0.1172
-0.1172
-0.1172
-0.1172
-0.1172
-0.1172
-0.1172
-0.1172
-0.1172
-0.1172
-0.1172
-0.1172
-0.1172
-0.1172
-0.1172
-0.1172
-0.1172
-0.1172
-0.1172
-0.1172
-0.1885
-0.1885
-0.1885
-0.1885
-0.1885
-0.1885
-0.1885
-0.1885
-0.1885
-0.1885
-0.1885
-0.1885
-0.1885
-0.1885
-0.1885
-0.1885
-0.1885
-0.1885
-0.1885
-0.1885
-0.1885
-0.1885
-0.1885
-0.1885
-0.1885
-0.1885
-0.1885
-0.1885
-0.1885
-0.1885
-0.1816
-0.1816
-0.1816
-0.1816
-0.1816
-0.1816
-0.1816
-0.1816
-0.1816
-0.1816
-0.1816
-0.1816
-0.1816
-0.1816
-0.1816
-0.1816
-0.1816
-0.1816
-0.1816
-0.1816
-0.1816
-0.1816
-0.1816
-0.1816
-0.1816
-0.1816
-0.1816
-0.1816
-0.1816
-0.1816
-0.0918
-0.0918
-0.0918
-0.0918
-0.0918
-0.0918
-0.0918
-0.0918
-0.0918
-0.0918
-0.0918
-0.0918
-0.0918
-0.0918
-0.0918
-0.0918
-0.0918
-0.0918
-0.0918
-0.0918
-0.0918
-0.0918
-0.0918
-0.0918
-0.0918
-0.0156
-0.0156
-0.0156
-0.0156
-0.0156
-0.0156
-0.0156
-0.0156
-0.0156
-0.0156
-0.0156
-0.0156
-0.0156
-0.0156
-0.0156
-0.0156
-0.0156
-0.0156
-0.0156
-0.0156
-0.0156
-0.0156
-0.0156
-0.0156
-0.0156
-0.0156
-0.0156
-0.0156
0.0059
0.0059
0.0059
0.0059
0.0059
0.0059
0.0059
0.0059
0.0059
0.0059
0.0059
0.0059
0.0059
0.0059
0.0059
0.0059
0.0059
0.0059
0.0059
0.0059
0.0059
0.0059
0.0059
0.0059
0.0059
0.0059
0.0059
0.0059
0.0908
0.0908
0.0908
0.0908
0.0908
0.0908
0.0908
0.0908
0.0908
0.0908
0.0908
0.0908
0.0908
0.0908
0.0908
0.0908
0.0908
0.0908
0.0908
0.0908
0.0908
0.0908
0.0908
0.0908
0.0908
0.0908
0.0908
0.0908
0.0908
0.0908
0.1621
0.1621
0.1621
0.1621
0.1621
0.1621
0.1621
0.1621
0.1621
0.1621
0.1621
0.1621
0.1621
0.1621
0.1621
0.1621
0.1621
0.1621
0.1621
0.1621
0.1621
0.1621
0.1621
0.1621
0.1621
0.1621
0.1621
0.1621
0.1621
0.1621
0.1621
0.1621
0.1270
0.1270
0.1270
0.1270
0.1270
0.1270
0.1270
0.1270
0.1270
0.1270
0.1270
0.1270
0.1270
0.1270
0.1270
0.1270
0.1270
0.1270
0.1270
0.1270
0.1270
0.1270
0.1270
0.0068
0.0068
0.0068
0.0068
0.0068
0.0068
0.0068
0.0068
0.0068
0.0068
0.0068
0.0068
0.0068
0.0068
0.0068
0.0068
0.0068
0.0068
0.0068
0.0068
0.0068
0.0068
0.0068
0.0068
0.0068
0.0068
-0.0352
-0.0352
-0.0352
-0.0352
-0.0352
-0.0352
-0.0352
-0.0352
-0.0352
-0.0352
-0.0352
-0.0352
-0.0352
-0.0352
-0.0352
-0.0352
-0.0352
-0.0352
-0.0352
-0.0352
-0.0352
-0.0352
-0.0352
-0.0352
-0.0352
-0.0352
-0.0352
-0.0352
-0.0352
-0.0635
-0.0635
-0.0635
-0.0635
-0.0635
-0.0635
-0.0635
-0.0635
-0.0635
-0.0635
-0.0635
-0.0635
-0.0635
-0.0635
-0.0635
-0.0635
-0.0635
-0.0635
-0.0635
-0.0635
-0.0635
-0.0635
-0.0635
-0.0635
-0.0635
-0.0635
-0.0635
-0.0635
-0.0635
-0.1699
-0.1699
-0.1699
-0.1699
-0.1699
-0.1699
-0.1699
-0.1699
-0.1699
-0.1699
-0.1699
-0.1699
-0.1699
-0.1699
-0.1699
-0.1699
-0.1699
-0.1699
-0.1699
-0.1699
-0.1699
-0.1699
-0.1699
-0.1699
-0.1699
-0.1699
-0.1699
-0.1699
-0.1699
-0.1963
-0.1963
-0.1963
-0.1963
-0.1963
-0.1963
-0.1963
-0.1963
-0.1963
-0.1963
-0.1963
-0.1963
-0.1963
-0.1963
-0.1963
-0.1963
-0.1963
-0.1963
-0.1963
-0.1963
-0.1963
-0.1963
-0.1963
-0.1963
-0.1963
-0.1963
-0.1963
-0.1963
-0.1963
-0.1221
-0.1221
-0.1221
-0.1221
-0.1221
-0.1221
-0.1221
-0.1221
-0.1221
-0.1221
-0.1221
-0.1221
-0.1221
-0.1221
-0.1221
-0.1221
-0.1221
-0.1221
-0.1221
-0.1221
-0.1221
-0.1221
-0.1221
-0.1221
-0.1221
-0.1221
-0.1221
-0.1221
-0.1221
-0.1221
-0.0342
-0.0342
-0.0342
-0.0342
-0.0342
-0.0342
-0.0342
-0.0342
-0.0342
-0.0342
-0.0342
-0.0342
-0.0342
-0.0342
-0.0342
-0.0342
-0.0342
-0.0342
-0.0342
-0.0342
-0.0342
-0.0342
-0.0342
-0.0342
-0.0088
-0.0088
-0.0088
-0.0088
-0.0088
-0.0088
-0.0088
-0.0088
-0.0088
-0.0088
-0.0088
-0.0088
-0.0088
-0.0088
-0.0088
-0.0088
-0.0088
-0.0088
-0.0088
-0.0088
-0.0088
-0.0088
-0.0088
-0.0088
-0.0088
-0.0088
-0.0088
0.0596
0.0596
0.0596
0.0596
0.0596
0.0596
0.0596
0.0596
0.0596
0.0596
0.0596
0.0596
0.0596
0.0596
0.0596
0.0596
0.0596
0.0596
0.0596
0.0596
0.0596
0.0596
0.0596
0.0596
0.0596
0.0596
0.0596
0.0596
0.0596
0.0596
0.0596
0.1455
0.1455
0.1455
0.1455
0.1455
0.1455
0.1455
0.1455
0.1455
0.1455
0.1455
0.1455
0.1455
0.1455
0.1455
0.1455
0.1455
0.1455
0.1455
0.1455
0.1455
0.1455
0.1455
0.1455
0.1455
0.1455
0.1455
0.1455
0.1455
0.1455
0.1455
0.1455
0.1523
0.1523
0.1523
0.1523
0.1523
0.1523
0.1523
0.1523
0.1523
0.1523
0.1523
0.1523
0.1523
0.1523
0.1523
0.1523
0.1523
0.1523
0.1523
0.1523
0.1523
0.1523
0.1523
0.1523
0.1523
0.1523
0.1523
0.1523
0.1523
0.1523
0.0449
0.0449
0.0449
0.0449
0.0449
0.0449
0.0449
0.0449
0.0449
0.0449
0.0449
0.0449
0.0449
0.0449
0.0449
0.0449
0.0449
0.0449
0.0449
0.0449
0.0449
0.0449
0.0449
0.0449
0.0449
0.0449
0.0449
-0.0225
-0.0225
-0.0225
-0.0225
-0.0225
-0.0225
-0.0225
-0.0225
-0.0225
-0.0225
-0.0225
-0.0225
-0.0225
-0.0225
-0.0225
-0.0225
-0.0225
-0.0225
-0.0225
-0.0225
-0.0225
-0.0225
-0.0225
-0.0225
-0.0225
-0.0225
-0.0225
-0.0410
-0.0410
-0.0410
-0.0410
-0.0410
-0.0410
-0.0410
-0.0410
-0.0410
-0.0410
-0.0410
-0.0410
-0.0410
-0.0410
-0.0410
-0.0410
-0.0410
-0.0410
-0.0410
-0.0410
-0.0410
-0.0410
-0.0410
-0.0410
-0.0410
-0.0410
-0.0410
-0.0410
-0.0410
-0.1143
-0.1143
-0.1143
-0.1143
-0.1143
-0.1143
-0.1143
-0.1143
-0.1143
-0.1143
-0.1143
-0.1826
-0.1826
-0.1826
-0.1826
-0.1826
-0.1826
-0.1826
-0.1826
-0.1826
-0.1826
-0.1826
-0.1826
-0.1826
-0.1826
-0.1826
-0.1826
-0.1826
-0.1826
-0.1826
-0.1826
-0.1826
-0.1826
-0.1436
-0.1436
-0.1436
-0.1436
-0.1436
-0.1436
-0.1436
-0.1436
-0.1436
-0.1436
-0.1436
-0.1436
-0.1436
-0.1436
-0.1436
-0.1436
-0.1436
-0.1436
-0.1436
-0.1436
-0.1436
-0.0645
-0.0645
-0.0645
-0.0645
-0.0645
-0.0645
-0.0645
-0.0645
-0.0645
-0.0645
-0.0645
-0.0645
-0.0645
-0.0645
-0.0645
-0.0645
-0.0645
-0.0645
-0.0645
-0.0645
-0.0166
-0.0166
-0.0166
-0.0166
-0.0166
-0.0166
-0.0166
-0.0166
-0.0166
-0.0166
-0.0166
-0.0166
-0.0166
-0.0166
-0.0166
-0.0166
-0.0166
-0.0166
-0.0166
-0.0166
-0.0166
-0.0166
-0.0166
-0.0166
-0.0166
-0.0166
-0.0166
-0.0166
-0.0166
0.0264
0.0264
0.0264
0.0264
0.0264
0.0264
0.0264
0.0264
0.0264
0.0264
0.0264
0.0264
0.0264
0.0264
0.0264
0.0264
0.0264
0.0264
0.0264
0.1104
0.1104
0.1104
0.1104
0.1104
0.1104
0.1104
0.1104
0.1104
0.1104
0.1104
0.1104
0.1104
0.1104
0.1104
0.1104
0.1104
0.1104
0.1104
0.1104
0.1104
0.1104
0.1104
0.1104
0.1104
0.1104
0.1104
0.1104
0.1543
0.1543
0.1543
0.1543
0.1543
0.1543
0.1543
0.1543
0.1543
0.1543
0.1543
0.1543
0.1543
0.1543
0.1543
0.1543
0.1543
0.1543
0.1543
0.1543
0.1543
0.1543
0.1543
0.1543
0.1543
0.1543
0.1543
0.1543
0.1064
0.1064
0.1064
0.1064
0.1064
0.1064
0.1064
0.1064
0.1064
0.1064
0.1064
0.1064
0.1064
0.1064
0.1064
0.1064
0.1064
0.1064
0.1064
0.1064
0.1064
0.1064
0.1064
0.1064
0.1064
0.1064
0.1064
-0.0059
-0.0059
-0.0059
-0.0059
-0.0059
-0.0059
-0.0059
-0.0059
-0.0059
-0.0059
-0.0059
-0.0059
-0.0059
-0.0059
-0.0059
-0.0059
-0.0059
-0.0059
-0.0059
-0.0059
-0.0059
-0.0059
-0.0059
-0.0059
-0.0059
-0.0059
-0.0059
-0.0059
-0.0322
-0.0322
-0.0322
-0.0322
-0.0322
-0.0322
-0.0322
-0.0322
-0.0322
-0.0322
-0.0322
-0.0322
-0.0322
-0.0322
-0.0322
-0.0322
-0.0322
-0.0322
-0.0322
-0.0322
-0.0322
-0.0322
-0.0322
-0.0322
-0.0322
-0.0674
-0.0674
-0.0674
-0.0674
-0.0674
-0.0674
-0.0674
-0.0674
-0.0674
-0.0674
-0.0674
-0.0674
-0.0674
-0.0674
-0.0674
-0.0674
-0.0674
-0.0674
-0.0674
-0.0674
-0.0674
-0.0674
-0.0674
-0.0674
-0.0674
-0.0674
-0.0674
-0.0674
-0.0674
-0.0674
-0.1533
-0.1533
-0.1533
-0.1533
-0.1533
-0.1533
-0.1533
-0.1533
-0.1533
-0.1533
-0.1533
-0.1533
-0.1533
-0.1533
-0.1533
-0.1533
-0.1533
-0.1533
-0.1533
-0.1533
-0.1533
-0.1533
-0.1533
-0.1533
-0.1533
-0.1533
-0.1533
-0.1533
-0.1533
-0.1533
-0.1660
-0.1660
-0.1660
-0.1660
-0.1660
-0.1660
-0.1660
-0.1660
-0.1660
-0.1660
-0.1660
-0.1660
-0.1660
-0.1660
-0.1660
-0.1660
-0.1660
-0.1660
-0.1660
-0.1660
-0.1660
-0.1660
-0.1660
-0.1660
-0.1660
-0.1660
-0.1660
-0.0947
-0.0947
-0.0947
-0.0947
-0.0947
-0.0947
-0.0947
-0.0947
-0.0947
-0.0947
-0.0947
-0.0947
-0.0947
-0.0947
-0.0947
-0.0947
-0.0947
-0.0947
-0.0947
-0.0947
-0.0947
-0.0947
-0.0947
-0.0947
-0.0947
-0.0947
-0.0264
-0.0264
-0.0264
-0.0264
-0.0264
-0.0264
-0.0264
-0.0264
-0.0264
-0.0264
-0.0264
-0.0264
-0.0264
-0.0264
-0.0264
-0.0264
-0.0264
-0.0264
-0.0264
-0.0264
-0.0264
-0.0264
-0.0029
-0.0029
-0.0029
-0.0029
-0.0029
-0.0029
-0.0029
-0.0029
-0.0029
-0.0029
-0.0029
-0.0029
-0.0029
-0.0029
-0.0029
-0.0029
-0.0029
-0.0029
-0.0029
-0.0029
-0.0029
-0.0029
-0.0029
-0.0029
-0.0029
0.0713
0.0713
0.0713
0.0713
0.0713
0.0713
0.0713
0.0713
0.0713
0.0713
0.0713
0.0713
0.0713
0.0713
0.0713
0.0713
0.0713
0.0713
0.0713
0.0713
0.0713
0.0713
0.0713
0.0713
0.0713
0.0713
0.0713
0.0713
0.0713
0.1357
0.1357
0.1357
0.1357
0.1357
0.1357
0.1357
0.1357
0.1357
0.1357
0.1357
0.1357
0.1357
0.1357
0.1357
0.1357
0.1357
0.1357
0.1357
0.1357
0.1357
0.1357
0.1357
0.1357
0.1357
0.1357
0.1357
0.1357
0.1357
0.1357
0.1357
0.1289
0.1289
0.1289
0.1289
0.1289
0.1289
0.1289
0.1289
0.1289
0.1289
0.1289
0.1289
0.1289
0.1289
0.1289
0.1289
0.1289
0.1289
0.1289
0.1289
0.1289
0.1289
0.1289
0.1289
0.1289
0.1289
0.1289
0.0459
0.0459
0.0459
0.0459
0.0459
0.0459
0.0459
0.0459
0.0459
0.0459
0.0459
0.0459
0.0459
0.0459
0.0459
0.0459
0.0459
0.0459
0.0459
0.0459
0.0459
0.0459
0.0459
0.0459
0.0459
-0.0293
-0.0293
-0.0293
-0.0293
-0.0293
-0.0293
-0.0293
-0.0293
-0.0293
-0.0293
-0.0293
-0.0293
-0.0293
-0.0293
-0.0293
-0.0293
-0.0293
-0.0293
-0.0293
-0.0293
-0.0293
-0.0293
-0.0293
-0.0293
-0.0293
-0.0293
-0.0293
-0.0293
-0.0293
-0.0293
-0.0547
-0.0547
-0.0547
-0.0547
-0.0547
-0.0547
-0.0547
-0.0547
-0.0547
-0.0547
-0.0547
-0.0547
-0.0547
-0.0547
-0.0547
-0.0547
-0.0547
-0.1211
-0.1211
-0.1211
-0.1211
-0.1211
-0.1211
-0.1211
-0.1211
-0.1211
-0.1211
-0.1211
-0.1211
-0.1211
-0.1211
-0.1211
-0.1211
-0.1211
-0.1211
-0.1211
-0.1211
-0.1211
-0.1211
-0.1211
-0.1211
-0.1211
-0.1211
-0.1211
-0.1211
-0.1211
-0.1670
-0.1670
-0.1670
-0.1670
-0.1670
-0.1670
-0.1670
-0.1670
-0.1670
-0.1670
-0.1670
-0.1670
-0.1670
-0.1670
-0.1670
-0.1670
-0.1670
-0.1670
-0.1670
-0.1670
-0.1670
-0.1670
-0.1670
-0.1670
-0.1670
-0.1670
-0.1670
-0.1670
-0.1670
-0.1670
-0.1670
-0.1670
-0.1182
-0.1182
-0.1182
-0.1182
-0.1182
-0.1182
-0.1182
-0.1182
-0.1182
-0.1182
-0.1182
-0.1182
-0.1182
-0.1182
-0.1182
-0.1182
-0.1182
-0.1182
-0.1182
-0.1182
-0.1182
-0.1182
-0.1182
-0.1182
-0.1182
-0.1182
-0.1182
-0.1182
-0.0469
-0.0469
-0.0469
-0.0469
-0.0469
-0.0469
-0.0469
-0.0469
-0.0469
-0.0469
-0.0469
-0.0469
-0.0469
-0.0469
-0.0469
-0.0469
-0.0469
-0.0469
-0.0469
-0.0469
-0.0469
-0.0469
-0.0469
-0.0469
-0.0469
-0.0469
-0.0078
-0.0078
-0.0078
-0.0078
-0.0078
-0.0078
-0.0078
-0.0078
-0.0078
-0.0078
-0.0078
-0.0078
-0.0078
-0.0078
-0.0078
-0.0078
-0.0078
-0.0078
-0.0078
-0.0078
-0.0078
-0.0078
-0.0078
-0.0078
-0.0078
-0.0078
-0.0078
-0.0078
-0.0078
-0.0078
0.0342
0.0342
0.0342
0.0342
0.0342
0.0342
0.0342
0.0342
0.0342
0.0342
0.0342
0.0342
0.0342
0.0342
0.0342
0.0342
0.0342
0.0342
0.0342
0.0342
0.0342
0.0342
0.0342
0.0342
0.0342
0.0342
0.0342
0.0342
0.0342
0.0342
0.1182
0.1182
0.1182
0.1182
0.1182
0.1182
0.1182
0.1182
0.1182
0.1182
0.1182
0.1182
0.1182
0.1182
0.1182
0.1182
0.1182
0.1182
0.1182
0.1182
0.1182
0.1182
0.1182
0.1182
0.1182
0.1182
0.1182
0.1182
0.1182
0.1182
0.1377
0.1377
0.1377
0.1377
0.1377
0.1377
0.1377
0.1377
0.1377
0.1377
0.1377
0.1377
0.1377
0.1377
0.1377
0.1377
0.1377
0.1377
0.1377
0.1377
0.1377
0.1377
0.1377
0.1377
0.1377
0.1377
0.1377
0.1377
0.0742
0.0742
0.0742
0.0742
0.0742
0.0742
0.0742
0.0742
0.0742
0.0742
0.0742
0.0742
0.0742
0.0742
0.0742
0.0742
0.0742
0.0742
0.0742
0.0742
0.0742
0.0742
0.0742
0.0742
0.0742
-0.0078
-0.0078
-0.0078
-0.0078
-0.0078
-0.0078
-0.0078
-0.0078
-0.0078
-0.0078
-0.0078
-0.0078
-0.0078
-0.0078
-0.0078
-0.0078
-0.0078
-0.0078
-0.0078
-0.0078
-0.0078
-0.0078
-0.0078
-0.0078
-0.0078
-0.0078
-0.0078
-0.0527
-0.0527
-0.0527
-0.0527
-0.0527
-0.0527
-0.0527
-0.0527
-0.0527
-0.0527
-0.0527
-0.0527
-0.0527
-0.0527
-0.0527
-0.0527
-0.0527
-0.0527
-0.0527
-0.0527
-0.0527
-0.0527
-0.0527
-0.0527
-0.0527
-0.0527
-0.0527
-0.0527
-0.0527
-0.0527
-0.0938
-0.0938
-0.0938
-0.0938
-0.0938
-0.0938
-0.0938
-0.0938
-0.0938
-0.0938
-0.0938
-0.0938
-0.0938
-0.0938
-0.0938
-0.0938
-0.0938
-0.0938
-0.0938
-0.0938
-0.0938
-0.0938
-0.0938
-0.0938
-0.0938
-0.0938
-0.0938
-0.0938
-0.0938
-0.0938
-0.1504
-0.1504
-0.1504
-0.1504
-0.1504
-0.1504
-0.1504
-0.1504
-0.1504
-0.1504
-0.1504
-0.1504
-0.1504
-0.1504
-0.1504
-0.1504
-0.1504
-0.1504
-0.1504
-0.1504
-0.1504
-0.1504
-0.1504
-0.1504
-0.1504
-0.1475
-0.1475
-0.1475
-0.1475
-0.1475
-0.1475
-0.1475
-0.1475
-0.1475
-0.1475
-0.1475
-0.1475
-0.1475
-0.1475
-0.1475
-0.1475
-0.1475
-0.1475
-0.1475
-0.1475
-0.1475
-0.1475
-0.1475
-0.1475
-0.1475
-0.1475
-0.1475
-0.1475
-0.1475
-0.1475
-0.1475
-0.1475
-0.0576
-0.0576
-0.0576
-0.0576
-0.0576
-0.0576
-0.0576
-0.0576
-0.0576
-0.0576
-0.0576
-0.0576
-0.0576
-0.0576
-0.0576
-0.0576
-0.0576
-0.0576
-0.0576
-0.0576
-0.0576
-0.0576
-0.0576
-0.0576
-0.0576
-0.0576
-0.0576
-0.0117
-0.0117
-0.0117
-0.0117
-0.0117
-0.0117
-0.0117
-0.0117
-0.0117
-0.0117
-0.0117
-0.0117
-0.0117
-0.0117
-0.0117
-0.0117
-0.0117
-0.0117
-0.0117
-0.0117
-0.0117
-0.0117
-0.0117
0.0215
0.0215
0.0215
0.0215
0.0215
0.0215
0.0215
0.0215
0.0215
0.0215
0.0215
0.0215
0.0215
0.0215
0.0215
0.0215
0.0215
0.0215
0.0215
0.0215
0.0215
0.0215
0.0215
0.0215
0.0215
0.0215
0.0215
0.0850
0.0850
0.0850
0.0850
0.0850
0.0850
0.0850
0.0850
0.0850
0.0850
0.0850
0.0850
0.0850
0.0850
0.0850
0.0850
0.0850
0.0850
0.0850
0.0850
0.0850
0.0850
0.0850
0.0850
0.0850
0.0850
0.0850
0.0850
0.0850
0.0850
0.1201
0.1201
0.1201
0.1201
0.1201
0.1201
0.1201
0.1201
0.1201
0.1201
0.1201
0.1201
0.1201
0.1201
0.1201
0.1201
0.1201
0.1201
0.1201
0.1201
0.1201
0.1201
0.1201
0.1201
0.1201
0.1201
0.0889
0.0889
0.0889
0.0889
0.0889
0.0889
0.0889
0.0889
0.0889
0.0889
0.0889
0.0889
0.0889
0.0889
0.0889
0.0889
0.0889
0.0889
0.0889
0.0889
0.0889
0.0889
0.0889
0.0137
0.0137
0.0137
0.0137
0.0137
0.0137
0.0137
0.0137
0.0137
0.0137
0.0137
0.0137
0.0137
0.0137
0.0137
0.0137
0.0137
0.0137
0.0137
0.0137
0.0137
0.0137
0.0137
0.0137
-0.0332
-0.0332
-0.0332
-0.0332
-0.0332
-0.0332
-0.0332
-0.0332
-0.0332
-0.0332
-0.0332
-0.0332
-0.0332
-0.0332
-0.0332
-0.0332
-0.0332
-0.0332
-0.0332
-0.0332
-0.0332
-0.0771
-0.0771
-0.0771
-0.0771
-0.0771
-0.0771
-0.0771
-0.0771
-0.0771
-0.0771
-0.0771
-0.0771
-0.0771
-0.0771
-0.0771
-0.0771
-0.0771
-0.0771
-0.0771
-0.0771
-0.0771
-0.1250
-0.1250
-0.1250
-0.1250
-0.1250
-0.1250
-0.1250
-0.1250
-0.1250
-0.1250
-0.1250
-0.1250
-0.1250
-0.1250
-0.1250
-0.1250
-0.1250
-0.1250
-0.1250
-0.1250
-0.1250
-0.1250
-0.1250
-0.1250
-0.1250
-0.1250
-0.1250
-0.1250
-0.1250
-0.1475
-0.1475
-0.1475
-0.1475
-0.1475
-0.1475
-0.1475
-0.1475
-0.1475
-0.1475
-0.1475
-0.1475
-0.1475
-0.1475
-0.1475
-0.1475
-0.1475
-0.1475
-0.1475
-0.1475
-0.1475
-0.1475
-0.1475
-0.0957
-0.0957
-0.0957
-0.0957
-0.0957
-0.0957
-0.0957
-0.0957
-0.0957
-0.0957
-0.0957
-0.0957
-0.0957
-0.0957
-0.0957
-0.0957
-0.0957
-0.0957
-0.0957
-0.0957
-0.0957
-0.0957
-0.0957
-0.0957
-0.0957
-0.0957
-0.0957
-0.0957
-0.0957
-0.0957
-0.0273
-0.0273
-0.0273
-0.0273
-0.0273
-0.0273
-0.0273
-0.0273
-0.0273
-0.0273
-0.0273
-0.0273
-0.0273
-0.0273
-0.0273
-0.0273
-0.0273
-0.0273
-0.0273
-0.0273
-0.0273
-0.0273
-0.0273
-0.0273
-0.0273
0.0039
0.0039
0.0039
0.0039
0.0039
0.0039
0.0039
0.0039
0.0039
0.0039
0.0039
0.0039
0.0039
0.0039
0.0039
0.0039
0.0039
0.0039
0.0039
0.0039
0.0039
0.0039
0.0039
0.0039
0.0039
0.0039
0.0713
0.0713
0.0713
0.0713
0.0713
0.0713
0.0713
0.0713
0.0713
0.0713
0.0713
0.0713
0.0713
0.0713
0.0713
0.0713
0.0713
0.0713
0.0713
0.0713
0.0713
0.1123
0.1123
0.1123
0.1123
0.1123
0.1123
0.1123
0.1123
0.1123
0.1123
0.1123
0.1123
0.1123
0.1123
0.1123
0.1123
0.1123
0.1123
0.1123
0.1123
0.1123
0.1123
0.1123
0.1123
0.1123
0.1123
0.1123
0.1006
0.1006
0.1006
0.1006
0.1006
0.1006
0.1006
0.1006
0.1006
0.1006
0.1006
0.1006
0.1006
0.1006
0.1006
0.1006
0.1006
0.1006
0.1006
0.1006
0.1006
0.1006
0.1006
0.1006
0.1006
0.1006
0.1006
0.1006
0.0322
0.0322
0.0322
0.0322
0.0322
0.0322
0.0322
0.0322
0.0322
0.0322
0.0322
0.0322
0.0322
0.0322
0.0322
0.0322
0.0322
0.0322
0.0322
0.0322
0.0322
0.0322
0.0322
0.0322
0.0322
0.0322
0.0322
0.0322
0.0322
0.0322
0.0322
-0.0205
-0.0205
-0.0205
-0.0205
-0.0205
-0.0205
-0.0205
-0.0205
-0.0205
-0.0205
-0.0205
-0.0205
-0.0205
-0.0205
-0.0205
-0.0205
-0.0205
-0.0205
-0.0205
-0.0205
-0.0205
-0.0518
-0.0518
-0.0518
-0.0518
-0.0518
-0.0518
-0.0518
-0.0518
-0.0518
-0.0518
-0.0518
-0.0518
-0.0518
-0.0518
-0.0518
-0.0518
-0.0518
-0.0518
-0.0518
-0.0518
-0.0518
-0.0518
-0.0518
-0.0518
-0.0518
-0.0518
-0.0518
-0.1055
-0.1055
-0.1055
-0.1055
-0.1055
-0.1055
-0.1055
-0.1055
-0.1055
-0.1055
-0.1055
-0.1055
-0.1055
-0.1055
-0.1055
-0.1055
-0.1055
-0.1055
-0.1055
-0.1055
-0.1055
-0.1055
-0.1055
-0.1055
-0.1055
-0.1055
-0.1055
-0.1055
-0.1416
-0.1416
-0.1416
-0.1416
-0.1416
-0.1416
-0.1416
-0.1416
-0.1416
-0.1416
-0.1416
-0.1416
-0.1416
-0.1416
-0.1416
-0.1416
-0.1416
-0.1416
-0.1416
-0.1416
-0.1416
-0.1416
-0.1416
-0.1416
-0.1416
-0.1416
-0.1416
-0.1416
-0.1416
-0.1416
-0.1201
-0.1201
-0.1201
-0.1201
-0.1201
-0.1201
-0.1201
-0.1201
-0.1201
-0.1201
-0.1201
-0.1201
-0.1201
-0.1201
-0.1201
-0.1201
-0.1201
-0.0557
-0.0557
-0.0557
-0.0557
-0.0557
-0.0557
-0.0557
-0.0557
-0.0557
-0.0557
-0.0557
-0.0557
-0.0557
-0.0049
-0.0049
-0.0049
-0.0049
-0.0049
-0.0049
-0.0049
-0.0049
-0.0049
-0.0049
-0.0049
-0.0049
-0.0049
-0.0049
-0.0049
-0.0049
-0.0049
-0.0049
-0.0049
-0.0049
-0.0049
-0.0049
-0.0049
-0.0049
-0.0049
-0.0049
-0.0049
-0.0049
-0.0049
-0.0049
0.0332
0.0332
0.0332
0.0332
0.0332
0.0332
0.0332
0.0332
0.0332
0.0332
0.0332
0.0332
0.0332
0.0332
0.0332
0.0332
0.0332
0.0332
0.0332
0.0332
0.0332
0.0332
0.0332
0.0332
0.0332
0.0332
0.0332
0.0332
0.0332
0.0332
0.0957
0.0957
0.0957
0.0957
0.0957
0.0957
0.0957
0.0957
0.0957
0.0957
0.0957
0.0957
0.0957
0.0957
0.0957
0.0957
0.0957
0.0957
0.0957
0.0957
0.0957
0.0957
0.0957
0.0957
0.0957
0.0957
0.0957
0.0957
0.0957
0.0957
0.0957
0.1133
0.1133
0.1133
0.1133
0.1133
0.1133
0.1133
0.1133
0.1133
0.1133
0.1133
0.1133
0.1133
0.1133
0.1133
0.1133
0.1133
0.1133
0.1133
0.1133
0.1133
0.1133
0.0615
0.0615
0.0615
0.0615
0.0615
0.0615
0.0615
0.0615
0.0615
0.0615
0.0615
0.0615
0.0615
0.0615
0.0615
0.0615
0.0615
0.0615
0.0615
0.0615
0.0615
0.0615
0.0615
0.0615
0.0615
0.0615
0.0615
0.0615
0.0615
-0.0010
-0.0010
-0.0010
-0.0010
-0.0010
-0.0010
-0.0010
-0.0010
-0.0010
-0.0010
-0.0010
-0.0010
-0.0010
-0.0010
-0.0010
-0.0010
-0.0010
-0.0010
-0.0010
-0.0010
-0.0479
-0.0479
-0.0479
-0.0479
-0.0479
-0.0479
-0.0479
-0.0479
-0.0479
-0.0479
-0.0479
-0.0479
-0.0479
-0.0479
-0.0479
-0.0479
-0.0479
-0.0479
-0.0479
-0.0479
-0.0479
-0.0479
-0.0479
-0.0479
-0.0479
-0.0479
-0.0479
-0.0479
-0.0820
-0.0820
-0.0820
-0.0820
-0.0820
-0.0820
-0.0820
-0.0820
-0.0820
-0.0820
-0.0820
-0.0820
-0.0820
-0.0820
-0.0820
-0.0820
-0.0820
-0.0820
-0.0820
-0.0820
-0.0820
-0.0820
-0.0820
-0.0820
-0.0820
-0.0820
-0.0820
-0.0820
-0.0820
-0.0820
-0.1260
-0.1260
-0.1260
-0.1260
-0.1260
-0.1260
-0.1260
-0.1260
-0.1260
-0.1260
-0.1260
-0.1260
-0.1260
-0.1260
-0.1260
-0.1260
-0.1260
-0.1260
-0.1260
-0.1260
-0.1260
-0.1260
-0.1260
-0.1260
-0.1260
-0.1260
-0.1260
-0.1260
-0.1240
-0.1240
-0.1240
-0.1240
-0.1240
-0.1240
-0.1240
-0.1240
-0.1240
-0.1240
-0.1240
-0.1240
-0.1240
-0.1240
-0.1240
-0.1240
-0.1240
-0.1240
-0.1240
-0.1240
-0.1240
-0.1240
-0.1240
-0.1240
-0.1240
-0.1240
-0.1240
-0.1240
-0.0801
-0.0801
-0.0801
-0.0801
-0.0801
-0.0801
-0.0801
-0.0801
-0.0801
-0.0801
-0.0801
-0.0801
-0.0801
-0.0801
-0.0801
-0.0801
-0.0801
-0.0801
-0.0801
-0.0801
-0.0801
-0.0801
-0.0801
-0.0801
-0.0273
-0.0273
-0.0273
-0.0273
-0.0273
-0.0273
-0.0273
-0.0273
-0.0273
-0.0273
-0.0273
-0.0273
-0.0273
-0.0273
-0.0273
-0.0273
-0.0273
-0.0273
-0.0273
-0.0273
-0.0273
-0.0273
-0.0273
-0.0273
-0.0273
-0.0273
-0.0273
-0.0273
0.0156
0.0156
0.0156
0.0156
0.0156
0.0156
0.0156
0.0156
0.0156
0.0156
0.0156
0.0156
0.0156
0.0156
0.0742
0.0742
0.0742
0.0742
0.0742
0.0742
0.0742
0.0742
0.0742
0.0742
0.0742
0.0742
0.0742
0.0742
0.0742
0.0742
0.0742
0.0742
0.0742
0.0742
0.0742
0.0742
0.0742
0.0742
0.0742
0.0742
0.1084
0.1084
0.1084
0.1084
0.1084
0.1084
0.1084
0.1084
0.1084
0.1084
0.1084
0.1084
0.1084
0.1084
0.0889
0.0889
0.0889
0.0889
0.0889
0.0889
0.0889
0.0889
0.0889
0.0889
0.0889
0.0889
0.0889
0.0889
0.0889
0.0889
0.0889
0.0889
0.0889
0.0889
0.0889
0.0889
0.0889
0.0889
0.0889
0.0889
0.0889
0.0889
0.0889
0.0059
0.0059
0.0059
0.0059
0.0059
0.0059
0.0059
0.0059
0.0059
0.0059
0.0059
0.0059
0.0059
0.0059
0.0059
0.0059
0.0059
0.0059
0.0059
0.0059
0.0059
-0.0361
-0.0361
-0.0361
-0.0361
-0.0361
-0.0361
-0.0361
-0.0361
-0.0361
-0.0361
-0.0361
-0.0361
-0.0361
-0.0361
-0.0361
-0.0361
-0.0361
-0.0361
-0.0361
-0.0361
-0.0361
-0.0361
-0.0635
-0.0635
-0.0635
-0.0635
-0.0635
-0.0635
-0.0635
-0.0635
-0.0635
-0.0635
-0.0635
-0.0635
-0.0635
-0.0635
-0.0635
-0.0635
-0.0635
-0.0635
-0.0635
-0.0635
-0.0635
-0.0635
-0.0635
-0.0635
-0.0635
-0.0635
-0.0635
-0.0635
-0.0635
-0.0635
-0.0635
-0.1074
-0.1074
-0.1074
-0.1074
-0.1074
-0.1074
-0.1074
-0.1074
-0.1074
-0.1074
-0.1074
-0.1074
-0.1074
-0.1074
-0.1074
-0.1074
-0.1074
-0.1074
-0.1074
-0.1074
-0.1074
-0.1074
-0.1074
-0.1074
-0.1260
-0.1260
-0.1260
-0.1260
-0.1260
-0.1260
-0.1260
-0.1260
-0.1260
-0.1260
-0.1260
-0.1260
-0.1260
-0.1260
-0.1260
-0.1260
-0.1260
-0.1260
-0.1260
-0.1260
-0.1260
-0.1260
-0.1260
-0.1260
-0.1260
-0.1260
-0.1260
-0.1260
-0.1260
-0.1260
-0.0986
-0.0986
-0.0986
-0.0986
-0.0986
-0.0986
-0.0986
-0.0986
-0.0986
-0.0986
-0.0986
-0.0986
-0.0986
-0.0986
-0.0986
-0.0986
-0.0986
-0.0986
-0.0986
-0.0986
-0.0986
-0.0986
-0.0986
-0.0986
-0.0381
-0.0381
-0.0381
-0.0381
-0.0381
-0.0381
-0.0381
-0.0381
-0.0381
-0.0381
-0.0381
-0.0381
-0.0381
-0.0381
-0.0381
-0.0381
-0.0381
-0.0381
-0.0381
-0.0381
-0.0381
-0.0381
-0.0381
-0.0381
-0.0381
-0.0381
-0.0381
0.0049
0.0049
0.0049
0.0049
0.0049
0.0049
0.0049
0.0049
0.0049
0.0049
0.0049
0.0049
0.0049
0.0049
0.0049
0.0049
0.0049
0.0049
0.0049
0.0049
0.0049
0.0049
0.0049
0.0049
0.0049
0.0605
0.0605
0.0605
0.0605
0.0605
0.0605
0.0605
0.0605
0.0605
0.0605
0.0605
0.0605
0.0605
0.0605
0.0605
0.0605
0.0605
0.0605
0.0605
0.0605
0.0605
0.0605
0.0605
0.0605
0.0605
0.0605
0.0605
0.0928
0.0928
0.0928
0.0928
0.0928
0.0928
0.0928
0.0928
0.0928
0.0928
0.0928
0.0928
0.0928
0.0928
0.0928
0.0928
0.0928
0.0928
0.0928
0.0928
0.0928
0.0928
0.0928
0.0928
0.0928
0.0928
0.0928
0.0928
0.0928
0.0928
0.0928
0.0928
0.0928
0.0928
0.0928
0.0928
0.0928
0.0928
0.0928
0.0928
0.0928
0.0928
0.0928
0.0928
0.0928
0.0928
0.0928
0.0928
0.0928
0.0928
0.0928
0.0928
0.0928
0.0928
0.0928
0.0928
0.0928
0.0283
0.0283
0.0283
0.0283
0.0283
0.0283
0.0283
0.0283
0.0283
0.0283
0.0283
0.0283
0.0283
0.0283
0.0283
0.0283
0.0283
0.0283
0.0283
0.0283
0.0283
0.0283
0.0283
0.0283
0.0283
0.0283
0.0283
0.0283
0.0283
-0.0283
-0.0283
-0.0283
-0.0283
-0.0283
-0.0283
-0.0283
-0.0283
-0.0283
-0.0283
-0.0283
-0.0283
-0.0283
-0.0283
-0.0283
-0.0283
-0.0283
-0.0283
-0.0283
-0.0283
-0.0508
-0.0508
-0.0508
-0.0508
-0.0508
-0.0508
-0.0508
-0.0508
-0.0508
-0.0508
-0.0508
-0.0508
-0.0508
-0.0508
-0.0508
-0.0508
-0.0508
-0.0508
-0.0508
-0.0508
-0.0508
-0.0508
-0.0508
-0.0508
-0.0508
-0.0508
-0.0508
-0.0508
-0.0508
-0.0508
-0.0508
-0.0508
-0.0508
-0.0918
-0.0918
-0.0918
-0.0918
-0.0918
-0.0918
-0.0918
-0.0918
-0.0918
-0.0918
-0.0918
-0.0918
-0.0918
-0.0918
-0.0918
-0.0918
-0.0918
-0.0918
-0.0918
-0.0918
-0.0918
-0.0918
-0.0918
-0.0918
-0.0918
-0.0918
-0.0918
-0.0918
-0.0918
-0.0918
-0.0918
-0.1260
-0.1260
-0.1260
-0.1260
-0.1260
-0.1260
-0.1260
-0.1260
-0.1260
-0.1260
-0.1260
-0.1260
-0.1260
-0.1260
-0.1260
-0.1260
-0.1260
-0.1260
-0.1260
-0.1260
-0.1260
-0.1260
-0.1260
-0.1260
-0.1260
-0.1260
-0.1260
-0.1260
-0.1260
-0.1260
-0.1055
-0.1055
-0.1055
-0.1055
-0.1055
-0.1055
-0.1055
-0.1055
-0.1055
-0.1055
-0.1055
-0.1055
-0.1055
-0.1055
-0.1055
-0.1055
-0.1055
-0.1055
-0.1055
-0.1055
-0.1055
-0.1055
-0.1055
-0.1055
-0.0576
-0.0576
-0.0576
-0.0576
-0.0576
-0.0576
-0.0576
-0.0576
-0.0576
-0.0576
-0.0576
-0.0576
-0.0576
-0.0576
-0.0576
-0.0576
-0.0576
-0.0576
-0.0576
-0.0576
-0.0576
-0.0576
-0.0576
-0.0576
-0.0576
-0.0576
-0.0156
-0.0156
-0.0156
-0.0156
-0.0156
-0.0156
-0.0156
-0.0156
-0.0156
-0.0156
-0.0156
-0.0156
-0.0156
-0.0156
-0.0156
-0.0156
-0.0156
-0.0156
-0.0156
-0.0156
-0.0156
-0.0156
-0.0156
-0.0156
-0.0156
-0.0156
-0.0156
-0.0156
-0.0156
-0.0156
0.0254
0.0254
0.0254
0.0254
0.0254
0.0254
0.0254
0.0254
0.0254
0.0254
0.0254
0.0254
0.0254
0.0254
0.0254
0.0254
0.0254
0.0254
0.0254
0.0254
0.0254
0.0254
0.0771
0.0771
0.0771
0.0771
0.0771
0.0771
0.0771
0.0771
0.0771
0.0771
0.0771
0.0771
0.0771
0.0771
0.0771
0.0771
0.0771
0.0771
0.0771
0.0771
0.0771
0.0771
0.0771
0.0771
0.0771
0.0771
0.0771
0.0771
0.0957
0.0957
0.0957
0.0957
0.0957
0.0957
0.0957
0.0957
0.0957
0.0957
0.0957
0.0957
0.0957
0.0957
0.0957
0.0957
0.0957
0.0957
0.0957
0.0957
0.0957
0.0957
0.0957
0.0957
0.0957
0.0957
0.0957
0.0957
0.0557
0.0557
0.0557
0.0557
0.0557
0.0557
0.0557
0.0557
0.0557
0.0557
0.0557
0.0557
0.0557
0.0557
0.0557
0.0557
0.0557
0.0557
0.0557
0.0557
0.0557
0.0557
0.0557
0.0557
0.0557
0.0557
0.0557
0.0557
-0.0078
-0.0078
-0.0078
-0.0078
-0.0078
-0.0078
-0.0078
-0.0078
-0.0078
-0.0430
-0.1172
-0.1172
-0.1172
-0.1172
-0.1172
-0.1172
-0.1172
-0.1172
-0.1172
-0.1172
-0.1172
-0.1172
-0.1172
-0.1172
-0.1172
-0.1172
-0.1172
-0.1172
-0.1172
-0.1172
-0.1172
-0.1172
-0.1182
-0.1182
-0.1182
-0.1182
-0.1182
-0.1182
-0.1182
-0.1182
-0.1182
-0.1182
-0.1182
-0.1182
-0.1182
-0.1182
-0.1182
-0.1182
-0.1182
-0.1182
-0.1182
-0.1182
-0.1182
-0.1182
-0.1182
-0.1182
-0.1182
-0.1182
-0.1182
-0.1182
-0.0654
-0.0654
-0.0654
-0.0654
-0.0654
-0.0654
-0.0654
-0.0654
-0.0654
-0.0654
-0.0654
-0.0654
-0.0654
-0.0654
-0.0654
-0.0654
-0.0654
-0.0654
-0.0654
-0.0654
-0.0654
-0.0654
-0.0654
-0.0654
-0.0654
-0.0654
-0.0654
-0.0654
-0.0654
-0.0654
-0.0654
-0.0283
-0.0283
-0.0283
-0.0283
-0.0283
-0.0283
-0.0283
-0.0283
-0.0283
-0.0283
-0.0283
-0.0283
-0.0283
-0.0283
-0.0283
-0.0283
-0.0283
-0.0283
-0.0283
-0.0283
-0.0283
-0.0283
0.0088
0.0088
0.0088
0.0088
0.0088
0.0088
0.0088
0.0088
0.0088
0.0088
0.0088
0.0088
0.0088
0.0088
0.0088
0.0088
0.0088
0.0088
0.0088
0.0088
0.0576
0.0576
0.0576
0.0576
0.0576
0.0576
0.0576
0.0576
0.0576
0.0576
0.0576
0.0576
0.0576
0.0576
0.0576
0.0576
0.0576
0.0576
0.0576
0.0576
0.0576
0.0576
0.0576
0.0850
0.0850
0.0850
0.0850
0.0850
0.0850
0.0850
0.0850
0.0850
0.0850
0.0850
0.0850
0.0850
0.0850
0.0850
0.0850
0.0850
0.0850
0.0850
0.0850
0.0850
0.0850
0.0850
0.0850
0.0850
0.0850
0.0723
0.0723
0.0723
0.0723
0.0723
0.0723
0.0723
0.0723
0.0723
0.0723
0.0723
0.0723
0.0723
0.0723
0.0723
0.0723
0.0723
0.0723
0.0723
0.0723
0.0723
0.0723
0.0723
0.0723
0.0723
0.0723
0.0723
0.0176
0.0176
0.0176
0.0176
0.0176
0.0176
0.0176
0.0176
0.0176
0.0176
0.0176
0.0176
0.0176
0.0176
0.0176
0.0176
0.0176
0.0176
0.0176
0.0176
0.0176
0.0176
0.0176
0.0176
0.0176
0.0176
0.0176
0.0176
0.0176
-0.0244
-0.0244
-0.0244
-0.0244
-0.0244
-0.0244
-0.0244
-0.0244
-0.0244
-0.0244
-0.0244
-0.0244
-0.0244
-0.0244
-0.0244
-0.0244
-0.0244
-0.0244
-0.0244
-0.0244
-0.0244
-0.0244
-0.0244
-0.0244
-0.0244
-0.0244
-0.0742
-0.0742
-0.0742
-0.0742
-0.0742
-0.0742
-0.0977
-0.0977
-0.0977
-0.0977
-0.0977
-0.0977
-0.0977
-0.0977
-0.0977
-0.0977
-0.0977
-0.0977
-0.0977
-0.0977
-0.0977
-0.0977
-0.0977
-0.0977
-0.0977
-0.0977
-0.0977
-0.0977
-0.0977
-0.0977
-0.0977
-0.0977
-0.0977
-0.0977
-0.0977
-0.0977
-0.1201
-0.1201
-0.1201
-0.1201
-0.1201
-0.1201
-0.1201
-0.1201
-0.1201
-0.1201
-0.1201
-0.1201
-0.1201
-0.1201
-0.1201
-0.1201
-0.1201
-0.1201
-0.1201
-0.1201
-0.1201
-0.1201
-0.1201
-0.1201
-0.1201
-0.1201
-0.1201
-0.1201
-0.1201
-0.1045
-0.1045
-0.1045
-0.1045
-0.1045
-0.1045
-0.1045
-0.1045
-0.1045
-0.1045
-0.1045
-0.1045
-0.1045
-0.1045
-0.1045
-0.1045
-0.1045
-0.1045
-0.1045
-0.1045
-0.1045
-0.1045
-0.1045
-0.1045
-0.1045
-0.1045
-0.1045
-0.1045
-0.1045
-0.0293
-0.0293
-0.0293
-0.0293
-0.0293
-0.0293
-0.0293
-0.0293
-0.0293
-0.0293
-0.0293
-0.0293
-0.0293
-0.0293
-0.0293
-0.0293
-0.0293
-0.0293
-0.0293
-0.0293
-0.0293
-0.0293
-0.0293
-0.0293
-0.0010
-0.0010
-0.0010
-0.0010
-0.0010
-0.0010
-0.0010
-0.0010
-0.0010
-0.0010
-0.0010
-0.0010
-0.0010
-0.0010
-0.0010
-0.0010
-0.0010
-0.0010
-0.0010
-0.0010
-0.0010
-0.0010
-0.0010
-0.0010
-0.0010
0.0508
0.0508
0.0508
0.0508
0.0508
0.0508
0.0508
0.0508
0.0508
0.0508
0.0508
0.0508
0.0508
0.0508
0.0508
0.0508
0.0508
0.0508
0.0508
0.0508
0.0508
0.0508
0.0508
0.0508
0.0508
0.0508
0.0508
0.0508
0.0508
0.0752
0.0752
0.0752
0.0752
0.0752
0.0752
0.0752
0.0752
0.0752
0.0752
0.0752
0.0752
0.0752
0.0752
0.0752
0.0752
0.0752
0.0752
0.0752
0.0752
0.0752
0.0752
0.0752
0.0752
0.0762
0.0762
0.0762
0.0762
0.0762
0.0762
0.0762
0.0762
0.0762
0.0762
0.0762
0.0762
0.0762
0.0762
0.0762
0.0762
0.0762
0.0762
0.0762
0.0762
0.0762
0.0762
0.0762
0.0762
0.0762
0.0762
0.0762
0.0762
0.0762
0.0762
0.0762
0.0332
0.0332
0.0332
0.0332
0.0332
0.0332
0.0332
0.0332
0.0332
0.0332
0.0332
0.0332
0.0332
0.0332
0.0332
0.0332
0.0332
0.0332
0.0332
0.0332
0.0332
0.0332
0.0332
0.0332
0.0332
0.0332
0.0332
0.0332
-0.0195
-0.0195
-0.0195
-0.0195
-0.0195
-0.0195
-0.0195
-0.0195
-0.0195
-0.0195
-0.0195
-0.0195
-0.0195
-0.0195
-0.0195
-0.0488
-0.0488
-0.0488
-0.0488
-0.0488
-0.0488
-0.0488
-0.0488
-0.0488
-0.0488
-0.0488
-0.0488
-0.0488
-0.0488
-0.0488
-0.0488
-0.0488
-0.0488
-0.0488
-0.0488
-0.0488
-0.0488
-0.0488
-0.0488
-0.0488
-0.0488
-0.0488
-0.0488
-0.0488
-0.0947
-0.0947
-0.0947
-0.0947
-0.0947
-0.0947
-0.0947
-0.0947
-0.0947
-0.0947
-0.0947
-0.0947
-0.0947
-0.0947
-0.0947
-0.0947
-0.0947
-0.0947
-0.0947
-0.0947
-0.0947
-0.0947
-0.0947
-0.0947
-0.0947
-0.0947
-0.0947
-0.0947
-0.0947
-0.1094
-0.1094
-0.1094
-0.1094
-0.1094
-0.1094
-0.1094
-0.1094
-0.1094
-0.1094
-0.1094
-0.1094
-0.1094
-0.1094
-0.1094
-0.1094
-0.1094
-0.1094
-0.1094
-0.1094
-0.1094
-0.1094
-0.1094
-0.1094
-0.1094
-0.1094
-0.1094
-0.1094
-0.1094
-0.1094
-0.1094
-0.0908
-0.0908
-0.0908
-0.0908
-0.0908
-0.0908
-0.0908
-0.0908
-0.0908
-0.0908
-0.0908
-0.0908
-0.0908
-0.0908
-0.0908
-0.0908
-0.0908
-0.0908
-0.0908
-0.0908
-0.0908
-0.0908
-0.0908
-0.0908
-0.0908
-0.0908
-0.0908
-0.0908
-0.0518
-0.0518
-0.0518
-0.0518
-0.0518
-0.0518
-0.0518
-0.0518
-0.0518
-0.0518
-0.0518
-0.0518
-0.0518
-0.0518
-0.0518
-0.0518
-0.0518
-0.0518
-0.0518
-0.0518
-0.0518
-0.0518
-0.0518
-0.0518
-0.0049
-0.0049
-0.0049
-0.0049
-0.0049
-0.0049
-0.0049
-0.0049
-0.0049
-0.0049
-0.0049
-0.0049
-0.0049
-0.0049
-0.0049
-0.0049
-0.0049
-0.0049
-0.0049
-0.0049
-0.0049
-0.0049
-0.0049
-0.0049
-0.0049
-0.0049
-0.0049
-0.0049
-0.0049
0.0273
0.0273
0.0273
0.0273
0.0273
0.0273
0.0273
0.0273
0.0273
0.0273
0.0273
0.0273
0.0273
0.0273
0.0273
0.0273
0.0273
0.0273
0.0273
0.0273
0.0273
0.0273
0.0273
0.0684
0.0684
0.0684
0.0684
0.0684
0.0684
0.0684
0.0684
0.0684
0.0684
0.0684
0.0684
0.0684
0.0684
0.0684
0.0684
0.0684
0.0684
0.0684
0.0684
0.0684
0.0684
0.0684
0.0684
0.0684
0.0830
0.0830
0.0830
0.0830
0.0830
0.0830
0.0830
0.0830
0.0830
0.0830
0.0830
0.0830
0.0830
0.0830
0.0830
0.0830
0.0830
0.0830
0.0830
0.0830
0.0830
0.0830
0.0830
0.0830
0.0830
0.0830
0.0830
0.0420
0.0420
0.0420
0.0420
0.0420
0.0420
0.0420
0.0420
0.0420
0.0420
0.0420
0.0420
0.0420
0.0420
0.0420
0.0420
0.0420
0.0420
0.0420
0.0420
0.0420
0.0420
-0.0039
-0.0039
-0.0039
-0.0039
-0.0039
-0.0039
-0.0039
-0.0039
-0.0039
-0.0039
-0.0039
-0.0039
-0.0039
-0.0039
-0.0039
-0.0039
-0.0039
-0.0039
-0.0039
-0.0039
-0.0039
-0.0039
-0.0039
-0.0039
-0.0039
-0.0039
-0.0039
-0.0439
-0.0439
-0.0439
-0.0439
-0.0439
-0.0439
-0.0439
-0.0439
-0.0439
-0.0439
-0.0439
-0.0439
-0.0439
-0.0439
-0.0439
-0.0439
-0.0439
-0.0439
-0.0439
-0.0439
-0.0439
-0.0439
-0.0439
-0.0439
-0.0439
-0.0439
-0.0439
-0.0439
-0.0439
-0.0439
-0.0781
-0.0781
-0.0781
-0.0781
-0.0781
-0.0781
-0.0781
-0.0781
-0.0781
-0.0781
-0.0781
-0.0781
-0.0781
-0.0781
-0.0781
-0.0781
-0.0781
-0.0781
-0.0781
-0.0781
-0.1064
-0.1064
-0.1064
-0.1064
-0.1064
-0.1064
-0.1064
-0.1064
-0.1064
-0.1064
-0.1064
-0.1064
-0.1064
-0.1064
-0.1064
-0.1064
-0.1064
-0.1064
-0.1064
-0.1064
-0.1064
-0.1064
-0.1064
-0.1064
-0.1064
-0.1064
-0.1064
-0.1064
-0.1064
-0.1064
-0.1064
-0.0977
-0.0977
-0.0977
-0.0977
-0.0977
-0.0977
-0.0977
-0.0977
-0.0977
-0.0977
-0.0977
-0.0977
-0.0977
-0.0977
-0.0977
-0.0977
-0.0977
-0.0977
-0.0977
-0.0977
-0.0977
-0.0977
-0.0977
-0.0977
-0.0977
-0.0977
-0.0977
-0.0977
-0.0977
-0.0674
-0.0674
-0.0674
-0.0674
-0.0674
-0.0674
-0.0674
-0.0674
-0.0674
-0.0674
-0.0674
-0.0674
-0.0674
-0.0674
-0.0674
-0.0674
-0.0674
-0.0674
-0.0674
-0.0674
-0.0674
-0.0674
-0.0674
-0.0674
-0.0674
-0.0674
-0.0674
-0.0674
-0.0234
-0.0234
-0.0234
-0.0234
-0.0234
-0.0234
-0.0234
-0.0234
-0.0234
-0.0234
-0.0234
-0.0234
-0.0234
-0.0234
-0.0234
-0.0234
-0.0234
-0.0234
-0.0234
-0.0234
-0.0234
-0.0234
-0.0234
-0.0234
-0.0234
-0.0234
-0.0234
-0.0234
-0.0234
-0.0234
-0.0234
0.0088
0.0088
0.0088
0.0088
0.0088
0.0088
0.0088
0.0088
0.0088
0.0088
0.0088
0.0088
0.0088
0.0088
0.0088
0.0088
0.0088
0.0088
0.0088
0.0088
0.0088
0.0088
0.0088
0.0088
0.0527
0.0527
0.0527
0.0527
0.0527
0.0527
0.0527
0.0527
0.0527
0.0527
0.0527
0.0527
0.0527
0.0527
0.0527
0.0527
0.0527
0.0527
0.0527
0.0527
0.0527
0.0527
0.0527
0.0527
0.0527
0.0527
0.0527
0.0527
0.0527
0.0527
0.0703
0.0703
0.0703
0.0703
0.0703
0.0703
0.0703
0.0703
0.0703
0.0703
0.0703
0.0703
0.0703
0.0703
0.0703
0.0703
0.0703
0.0703
0.0703
0.0703
0.0703
0.0703
0.0703
0.0703
0.0703
0.0703
0.0703
0.0703
0.0703
0.0703
0.0566
0.0566
0.0566
0.0566
0.0566
0.0566
0.0566
0.0566
0.0566
0.0566
0.0566
0.0566
0.0566
0.0566
0.0566
0.0566
0.0566
0.0566
0.0566
0.0566
0.0566
0.0566
0.0566
0.0566
0.0566
0.0566
0.0566
0.0566
0.0566
0.0566
0.0020
0.0020
0.0020
0.0020
0.0020
0.0020
0.0020
0.0020
0.0020
0.0020
0.0020
0.0020
0.0020
0.0020
0.0020
0.0020
0.0020
0.0020
0.0020
0.0020
0.0020
0.0020
0.0020
0.0020
0.0020
-0.0332
-0.0332
-0.0332
-0.0332
-0.0332
-0.0332
-0.0332
-0.0332
-0.0332
-0.0332
-0.0332
-0.0332
-0.0332
-0.0332
-0.0332
-0.0332
-0.0332
-0.0332
-0.0332
-0.0332
-0.0332
-0.0332
-0.0332
-0.0332
-0.0332
-0.0615
-0.0615
-0.0615
-0.0615
-0.0615
-0.0615
-0.0615
-0.0615
-0.0615
-0.0615
-0.0615
-0.0615
-0.0615
-0.0615
-0.0615
-0.0615
-0.0615
-0.0615
-0.0615
-0.0615
-0.0615
-0.0615
-0.0615
-0.0615
-0.0615
-0.0615
-0.0615
-0.0615
-0.0615
-0.0615
-0.0967
-0.0967
-0.0967
-0.0967
-0.0967
-0.0967
-0.0967
-0.0967
-0.0967
-0.0967
-0.0967
-0.0967
-0.0967
-0.0967
-0.0967
-0.0967
-0.0967
-0.0967
-0.0967
-0.0967
-0.0967
-0.0967
-0.0967
-0.0967
-0.0967
-0.0967
-0.0967
-0.0967
-0.1016
-0.1016
-0.1016
-0.1016
-0.1016
-0.1016
-0.1016
-0.1016
-0.1016
-0.1016
-0.1016
-0.1016
-0.1016
-0.1016
-0.1016
-0.1016
-0.1016
-0.1016
-0.1016
-0.1016
-0.1016
-0.1016
-0.1016
-0.1016
-0.1016
-0.1016
-0.1016
-0.1016
-0.1016
